646212
1235014
27,899.96
102,580.3
2775401
30,643.8
7662592
84,905.64
87,881.22
28,289.77
31,318.33
116,045.6
276,522.2
135,886.9
119,438.6
51,385.29
205,718.3
22,127.11
1090806
8420640
6,733.067
38,303.91
589,403.2
631,687.8
9590309
41,452.37
668,868.7
9344594
313,565.6
463,006.3
329,168.3
1153540
50,525.34
100,428.7
9,181.428
80,164.98
349898
21,507.87
32,407.53
45,356.82
2309484
248,705.8
1000480
128,503.3
485,472.7
38,744.69
1135775
333,517.9
550,787.7
255,991.3
219,140.8
72,279.36
235516
253,825.2
10,013.55
28,226.06
24,629.74
105,139.9
2089010
108,418.3
82,675.75
209,804.9
113208
53,732.65
25,683.41
95,568.61
1697375
3151251
67,816.94
1614726
441,138.6
100,376.3
31,135.02
296,127.4
9,036.614
89,520.54
358359
2707851
597,289.1
196,275.6
182,318.4
91,305.98
16,132.77
231,129.8
10,254.41
91,042.59
1618321
61,956.17
30,447.95
64,801.55
2,696.434
62,352.89
411,474.1
32,540.86
579,021.4
1923122
25823
1249355
656,424.2
1558417
13,995.82
781,072.6
1022853
110,956.3
323,151.4
802,492.1
1182223
908,399.1
121,810.7
32,983.36
349,504.6
147,402.7
249,003.8
309,426.8
871,273.6
73,322.34
1302897
232,172.8
422,882.3
305,676.3
7,955.576
126,959.7
93,102.51
402,937.7
10,104.55
231,660.4
2E+07
27,283.81
1912761
2507269
211,298.5
69,097.91
20,886.14
639,620.6
88,010.47
149,500.3
47,843.81
20,440.81
433,618.7
17,183.7
193,961.3
1268417
60,296.58
506,001.2
146,659.2
476,077.4
4,856.996
155,244.6
790,418.8
32,920.32
944,552.2
240,491.6
586,548.7
175,471.3
9400722
445,830.2
929,507.1
333,167.8
265,726.6
391,374.2
1226429
2346334
760,305.1
394,272.1